Pittsburgh: 38.027981, -121.884682
BayPoint: 38.029091, -121.961632
Concord: 37.977982, -122.031067
PleasantHill: 37.947979, -122.060799
WalnutCreek: 37.906311, -122.064957
Lafayette: 37.885761, -122.118019
Orinda: 37.877151, -122.179688
Piedmont: 37.824371, -122.231644
Berkeley: 37.87159, -122.272751
ElCerrito: 37.91576, -122.311638
Emeryville: 37.831322, -122.285248
Oakland: 37.804371, -122.270798
Richmond: 37.93576, -122.347748
Albany: 37.886871, -122.297752
SanLeandro: 37.72493, -122.156082
CastroValley: 37.694099, -122.086349
Hayward: 37.668819, -122.080803
UnionCity: 37.595829, -122.019173
Dublin: 37.702148, -121.935791
Pleasonton: 37.66243, -121.87468
Fremont: 37.548271, -121.988571
Millbrae: 37.598549, -122.387192
DalyCity: 37.705769, -122.461922
Broadmoor: 37.6866, -122.48275
SanFrancisco: 37.774929, -122.419418
SanFranciscoCounty: 37.766602, -122.45108
Brisbane: 37.680771, -122.399971
Colma: 37.67688, -122.459702
Tiburon: 37.873539, -122.456642
SouthSanFrancisco: 37.654659, -122.407753
Alameda: 37.765209, -122.241638
SanBruno: 37.630489, -122.411079